
╔═══════════════════════════════════════════════════════════════╗
║  π × φ INVESTIGATION: Hyperdimensional Prime Generation      ║
╚═══════════════════════════════════════════════════════════════╝

Constants:
  π = 3.141592653589793
  φ = 1.618033988749895
  π × φ = 5.083203692315259

═══════════════════════════════════════════════════════════════
INVESTIGATION 1: π × φ in Prime Gaps
═══════════════════════════════════════════════════════════════

π × φ = 5.0832036923

Testing gap relationships:
Index  Prime      Gap      gap/π×φ   gap mod π×φ log(gap)/log(π×φ)
─────────────────────────────────────────────────────────────────────
1      3          1        0.196726     1.000000     0.000000    
2      5          2        0.393453     2.000000     0.426305    
3      7          2        0.393453     2.000000     0.426305    
4      11         4        0.786905     4.000000     0.852610    
5      13         2        0.393453     2.000000     0.426305    
6      17         4        0.786905     4.000000     0.852610    
7      19         2        0.393453     2.000000     0.426305    
8      23         4        0.786905     4.000000     0.852610    
9      29         6        1.180358     0.916796     1.101983    
10     31         2        0.393453     2.000000     0.426305    
11     37         6        1.180358     0.916796     1.101983    
12     41         4        0.786905     4.000000     0.852610    
13     43         2        0.393453     2.000000     0.426305    
14     47         4        0.786905     4.000000     0.852610    
15     53         6        1.180358     0.916796     1.101983    
16     59         6        1.180358     0.916796     1.101983    
17     61         2        0.393453     2.000000     0.426305    
18     67         6        1.180358     0.916796     1.101983    
19     71         4        0.786905     4.000000     0.852610    
20     73         2        0.393453     2.000000     0.426305    
21     79         6        1.180358     0.916796     1.101983    
22     83         4        0.786905     4.000000     0.852610    
23     89         6        1.180358     0.916796     1.101983    
24     97         8        1.573811     2.916796     1.278915    
25     101        4        0.786905     4.000000     0.852610    
26     103        2        0.393453     2.000000     0.426305    
27     107        4        0.786905     4.000000     0.852610    
28     109        2        0.393453     2.000000     0.426305    
29     113        4        0.786905     4.000000     0.852610    
30     127        14       2.754169     3.833593     1.623095    
31     131        4        0.786905     4.000000     0.852610    
32     137        6        1.180358     0.916796     1.101983    
33     139        2        0.393453     2.000000     0.426305    
34     149        10       1.967263     4.916796     1.416155    
35     151        2        0.393453     2.000000     0.426305    
36     157        6        1.180358     0.916796     1.101983    
37     163        6        1.180358     0.916796     1.101983    
38     167        4        0.786905     4.000000     0.852610    
39     173        6        1.180358     0.916796     1.101983    
40     179        6        1.180358     0.916796     1.101983    
41     181        2        0.393453     2.000000     0.426305    
42     191        10       1.967263     4.916796     1.416155    
43     193        2        0.393453     2.000000     0.426305    
44     197        4        0.786905     4.000000     0.852610    
45     199        2        0.393453     2.000000     0.426305    
46     211        12       2.360716     1.833593     1.528288    
47     223        12       2.360716     1.833593     1.528288    
48     227        4        0.786905     4.000000     0.852610    
49     229        2        0.393453     2.000000     0.426305    
50     233        4        0.786905     4.000000     0.852610    
51     239        6        1.180358     0.916796     1.101983    
52     241        2        0.393453     2.000000     0.426305    
53     251        10       1.967263     4.916796     1.416155    
54     257        6        1.180358     0.916796     1.101983    
55     263        6        1.180358     0.916796     1.101983    
56     269        6        1.180358     0.916796     1.101983    
57     271        2        0.393453     2.000000     0.426305    
58     277        6        1.180358     0.916796     1.101983    
59     281        4        0.786905     4.000000     0.852610    
60     283        2        0.393453     2.000000     0.426305    
61     293        10       1.967263     4.916796     1.416155    
62     307        14       2.754169     3.833593     1.623095    
63     311        4        0.786905     4.000000     0.852610    
64     313        2        0.393453     2.000000     0.426305    
65     317        4        0.786905     4.000000     0.852610    
66     331        14       2.754169     3.833593     1.623095    
67     337        6        1.180358     0.916796     1.101983    
68     347        10       1.967263     4.916796     1.416155    
69     349        2        0.393453     2.000000     0.426305    
70     353        4        0.786905     4.000000     0.852610    
71     359        6        1.180358     0.916796     1.101983    
72     367        8        1.573811     2.916796     1.278915    
73     373        6        1.180358     0.916796     1.101983    
74     379        6        1.180358     0.916796     1.101983    
75     383        4        0.786905     4.000000     0.852610    
76     389        6        1.180358     0.916796     1.101983    
77     397        8        1.573811     2.916796     1.278915    
78     401        4        0.786905     4.000000     0.852610    
79     409        8        1.573811     2.916796     1.278915    
80     419        10       1.967263     4.916796     1.416155    
81     421        2        0.393453     2.000000     0.426305    
82     431        10       1.967263     4.916796     1.416155    
83     433        2        0.393453     2.000000     0.426305    
84     439        6        1.180358     0.916796     1.101983    
85     443        4        0.786905     4.000000     0.852610    
86     449        6        1.180358     0.916796     1.101983    
87     457        8        1.573811     2.916796     1.278915    
88     461        4        0.786905     4.000000     0.852610    
89     463        2        0.393453     2.000000     0.426305    
90     467        4        0.786905     4.000000     0.852610    
91     479        12       2.360716     1.833593     1.528288    
92     487        8        1.573811     2.916796     1.278915    
93     491        4        0.786905     4.000000     0.852610    
94     499        8        1.573811     2.916796     1.278915    
95     503        4        0.786905     4.000000     0.852610    
96     509        6        1.180358     0.916796     1.101983    
97     521        12       2.360716     1.833593     1.528288    
98     523        2        0.393453     2.000000     0.426305    
99     541        18       3.541074     2.750389     1.777660    

Statistics:
  Average gap/π×φ: 1.071066
  Average gap mod π×φ: 2.569097

═══════════════════════════════════════════════════════════════
INVESTIGATION 2: Phase Angle Corrections
═══════════════════════════════════════════════════════════════

Position 3 (mod 12 ≡ 5) (θ = 1.5708 rad = 90.0°):
Base prime: 17

Testing: candidate = base + magnitude × 12 × cos(θ + magnitude × δθ)
Mag  Simple       δθ=π/100  δθ=π/50   δθ=π/25  
────────────────────────────────────────────────────────────
0    17           17           17           17          
1    29           17           17           17          
2    41           17           17           17          
3    53           17           5            5           
4    65           5            5            18446744073709551605
5    77           5            1            18446744073709551593
6    89           5            18446744073709551605 18446744073709551581
7    101          1            18446744073709551593 18446744073709551569
8    113          18446744073709551605 18446744073709551581 18446744073709551557
9    125          18446744073709551605 18446744073709551581 18446744073709551533
10   137          18446744073709551593 18446744073709551557 18446744073709551521
11   149          18446744073709551593 18446744073709551545 18446744073709551509
12   161          18446744073709551581 18446744073709551533 18446744073709551485
13   173          18446744073709551569 18446744073709551521 18446744073709551473
14   185          18446744073709551557 18446744073709551509 18446744073709551473
15   197          18446744073709551557 18446744073709551485 18446744073709551461
16   209          18446744073709551545 18446744073709551473 18446744073709551461
17   221          18446744073709551533 18446744073709551449 18446744073709551461
18   233          18446744073709551521 18446744073709551437 18446744073709551461
19   245          18446744073709551509 18446744073709551425 18446744073709551473

Position 6 (mod 12 ≡ 7) (θ = 3.1416 rad = 180.0°):
Base prime: 7

Testing: candidate = base + magnitude × 12 × cos(θ + magnitude × δθ)
Mag  Simple       δθ=π/100  δθ=π/50   δθ=π/25  
────────────────────────────────────────────────────────────
0    7            7            7            7           
1    19           3            3            3           
2    31           18446744073709551607 18446744073709551607 18446744073709551607
3    43           18446744073709551595 18446744073709551595 18446744073709551595
4    55           18446744073709551583 18446744073709551583 18446744073709551583
5    67           18446744073709551571 18446744073709551571 18446744073709551571
6    79           18446744073709551559 18446744073709551559 18446744073709551571
7    91           18446744073709551547 18446744073709551547 18446744073709551571
8    103          18446744073709551535 18446744073709551535 18446744073709551571
9    115          18446744073709551523 18446744073709551535 18446744073709551583
10   127          18446744073709551511 18446744073709551523 18446744073709551583
11   139          18446744073709551499 18446744073709551523 18446744073709551595
12   151          18446744073709551487 18446744073709551523 3           
13   163          18446744073709551487 18446744073709551523 19          
14   175          18446744073709551475 18446744073709551523 43          
15   187          18446744073709551463 18446744073709551523 67          
16   199          18446744073709551451 18446744073709551523 91          
17   211          18446744073709551451 18446744073709551523 115         
18   223          18446744073709551439 18446744073709551535 151         
19   235          18446744073709551439 18446744073709551547 175         

Position 9 (mod 12 ≡ 11) (θ = 4.7124 rad = 270.0°):
Base prime: 11

Testing: candidate = base + magnitude × 12 × cos(θ + magnitude × δθ)
Mag  Simple       δθ=π/100  δθ=π/50   δθ=π/25  
────────────────────────────────────────────────────────────
0    11           11           11           11          
1    23           11           11           23          
2    35           23           23           23          
3    47           23           23           35          
4    59           23           23           35          
5    71           23           35           47          
6    83           35           47           71          
7    95           35           47           83          
8    107          35           59           95          
9    119          47           71           119         
10   131          59           83           131         
11   143          59           95           143         
12   155          71           119          155         
13   167          83           131          167         
14   179          83           143          179         
15   191          95           167          191         
16   203          107          179          191         
17   215          119          191          191         
18   227          131          215          179         
19   239          143          227          167         

═══════════════════════════════════════════════════════════════
INVESTIGATION 3: Golden Ratio Growth
═══════════════════════════════════════════════════════════════

φ = 1.6180339887

Testing gap growth vs φ^(n/k):
Index  Prime      Gap      φ^(n/100)   φ^(n/50)    φ^(n/25)   
─────────────────────────────────────────────────────────────────────
1      3          1        1.004824     1.009671     1.019435    
2      5          2        1.009671     1.019435     1.039248    
3      7          2        1.014541     1.029294     1.059445    
4      11         4        1.019435     1.039248     1.080035    
5      13         2        1.024352     1.049298     1.101026    
6      17         4        1.029294     1.059445     1.122424    
7      19         2        1.034259     1.069691     1.144238    
8      23         4        1.039248     1.080035     1.166477    
9      29         6        1.044261     1.090480     1.189147    
10     31         2        1.049298     1.101026     1.212258    
11     37         6        1.054359     1.111674     1.235818    
12     41         4        1.059445     1.122424     1.259836    
13     43         2        1.064556     1.133279     1.284321    
14     47         4        1.069691     1.144238     1.309282    
15     53         6        1.074851     1.155304     1.334727    
16     59         6        1.080035     1.166477     1.360668    
17     61         2        1.085245     1.177757     1.387112    
18     67         6        1.090480     1.189147     1.414071    
19     71         4        1.095740     1.200647     1.441553    
20     73         2        1.101026     1.212258     1.469569    
21     79         6        1.106337     1.223981     1.498130    
22     83         4        1.111674     1.235818     1.527246    
23     89         6        1.117036     1.247769     1.556928    
24     97         8        1.122424     1.259836     1.587187    
25     101        4        1.127838     1.272020     1.618034    
26     103        2        1.133279     1.284321     1.649480    
27     107        4        1.138745     1.296741     1.681538    
28     109        2        1.144238     1.309282     1.714218    
29     113        4        1.149758     1.321943     1.747534    
30     127        14       1.155304     1.334727     1.781497    
31     131        4        1.160877     1.347635     1.816121    
32     137        6        1.166477     1.360668     1.851417    
33     139        2        1.172103     1.373826     1.887399    
34     149        10       1.177757     1.387112     1.924080    
35     151        2        1.183438     1.400527     1.961475    
36     157        6        1.189147     1.414071     1.999596    
37     163        6        1.194883     1.427746     2.038458    
38     167        4        1.200647     1.441553     2.078075    
39     173        6        1.206438     1.455494     2.118462    
40     179        6        1.212258     1.469569     2.159634    
41     181        2        1.218106     1.483781     2.201607    
42     191        10       1.223981     1.498130     2.244395    
43     193        2        1.229886     1.512618     2.288014    
44     197        4        1.235818     1.527246     2.332482    
45     199        2        1.241779     1.542016     2.377813    
46     211        12       1.247769     1.556928     2.424026    
47     223        12       1.253788     1.571985     2.471137    
48     227        4        1.259836     1.587187     2.519163    
49     229        2        1.265913     1.602536     2.568123    

Testing formula with φ growth:
candidate = base + magnitude × 12 × φ^(magnitude/k)

Position 3 (base = 17):
Mag  Simple       k=100        k=50         k=25        
────────────────────────────────────────────────────────────
0    17           17           17           17          
1    29           29           29           29          
2    41           41           41           41          
3    53           53           53           53          
4    65           65           65           65          
5    77           77           77           77          
6    89           89           89           101         
7    101          101          101          113         
8    113          113          125          125         
9    125          125          137          149         
10   137          137          149          161         
11   149          161          161          185         
12   161          173          173          197         
13   173          185          197          221         
14   185          197          209          233         
15   197          209          221          257         
16   209          221          245          281         
17   221          233          257          293         
18   233          257          269          317         
19   245          269          293          341         

Position 6 (base = 7):
Mag  Simple       k=100        k=50         k=25        
────────────────────────────────────────────────────────────
0    7            7            7            7           
1    19           19           19           19          
2    31           31           31           31          
3    43           43           43           43          
4    55           55           55           55          
5    67           67           67           79          
6    79           79           79           91          
7    91           91           103          103         
8    103          103          115          115         
9    115          115          127          139         
10   127          139          139          151         
11   139          151          151          175         
12   151          163          175          187         
13   163          175          187          211         
14   175          187          199          223         
15   187          199          211          247         
16   199          211          235          271         
17   211          235          247          295         
18   223          247          259          319         
19   235          259          283          331         

Position 9 (base = 11):
Mag  Simple       k=100        k=50         k=25        
────────────────────────────────────────────────────────────
0    11           11           11           11          
1    23           23           23           23          
2    35           35           35           35          
3    47           47           59           59          
4    59           59           71           71          
5    71           83           83           83          
6    83           95           95           95          
7    95           107          107          107         
8    107          119          119          131         
9    119          131          131          143         
10   131          143          143          167         
11   143          155          167          179         
12   155          167          179          203         
13   167          179          191          215         
14   179          191          203          239         
15   191          215          227          251         
16   203          227          239          275         
17   215          239          251          299         
18   227          251          275          323         
19   239          263          287          347         

═══════════════════════════════════════════════════════════════
INVESTIGATION 4: Hyperdimensional Projection (π × φ)
═══════════════════════════════════════════════════════════════

π × φ = 5.0832036923
Close to prime 5 (3rd prime at 3 o'clock)

Testing: candidate = base + magnitude × 12 × (π×φ)^(1/dimension)

Position 3 (base = 17):
Mag  Simple       dim=3        dim=4        dim=5       
────────────────────────────────────────────────────────────
0    17           17           17           17          
1    29           41           29           29          
2    41           53           53           53          
3    53           77           65           65          
4    65           101          89           77          
5    77           125          101          101         
6    89           137          125          113         
7    101          161          137          137         
8    113          185          161          149         
9    125          197          173          161         
10   137          221          197          185         
11   149          245          209          197         
12   161          269          233          221         
13   173          281          245          233         
14   185          305          269          245         
15   197          329          281          269         
16   209          341          305          281         
17   221          365          317          293         
18   233          389          341          317         
19   245          413          353          329         

Position 6 (base = 7):
Mag  Simple       dim=3        dim=4        dim=5       
────────────────────────────────────────────────────────────
0    7            7            7            7           
1    19           31           31           19          
2    31           55           43           43          
3    43           67           67           55          
4    55           91           79           79          
5    67           115          103          91          
6    79           127          115          103         
7    91           151          139          127         
8    103          175          151          139         
9    115          199          175          163         
10   127          211          187          175         
11   139          235          211          187         
12   151          259          223          211         
13   163          271          247          223         
14   175          295          259          235         
15   187          319          283          259         
16   199          343          295          271         
17   211          355          319          295         
18   223          379          331          307         
19   235          403          355          319         

Position 9 (base = 11):
Mag  Simple       dim=3        dim=4        dim=5       
────────────────────────────────────────────────────────────
0    11           11           11           11          
1    23           35           35           35          
2    35           59           47           47          
3    47           83           71           71          
4    59           95           83           83          
5    71           119          107          95          
6    83           143          119          119         
7    95           155          143          131         
8    107          179          155          143         
9    119          203          179          167         
10   131          227          191          179         
11   143          239          215          203         
12   155          263          227          215         
13   167          287          251          227         
14   179          299          263          251         
15   191          323          287          263         
16   203          347          299          287         
17   215          371          323          299         
18   227          383          335          311         
19   239          407          359          335         

═══════════════════════════════════════════════════════════════
INVESTIGATION 5: Cross-Position Interference
═══════════════════════════════════════════════════════════════

Position 3 (base = 17):
Analyzing composites in sequence...

Mag  Candidate    Status   Factorization                 
────────────────────────────────────────────────────────────────────
0    17           PRIME   
1    29           PRIME   
2    41           PRIME   
3    53           PRIME   
4    65           COMPOSITE 5 (pos 0) × 13 (pos 3)
5    77           COMPOSITE 7 (pos 6) × 11 (pos 9)
6    89           PRIME   
7    101          PRIME   
8    113          PRIME   
9    125          COMPOSITE 5 (pos 0) × 25 (pos 3)
10   137          PRIME   
11   149          PRIME   
12   161          COMPOSITE 7 (pos 6) × 23 (pos 9)
13   173          PRIME   
14   185          COMPOSITE 5 (pos 0) × 37 (pos 3)
15   197          PRIME   
16   209          COMPOSITE 11 (pos 9) × 19 (pos 6)
17   221          COMPOSITE 13 (pos 3) × 17 (pos 3)
18   233          PRIME   
19   245          COMPOSITE 5 (pos 0) × 49 (pos 3)
20   257          PRIME   
21   269          PRIME   
22   281          PRIME   
23   293          PRIME   
24   305          COMPOSITE 5 (pos 0) × 61 (pos 3)
25   317          PRIME   
26   329          COMPOSITE 7 (pos 6) × 47 (pos 9)
27   341          COMPOSITE 11 (pos 9) × 31 (pos 6)
28   353          PRIME   
29   365          COMPOSITE 5 (pos 0) × 73 (pos 3)

Position 6 (base = 7):
Analyzing composites in sequence...

Mag  Candidate    Status   Factorization                 
────────────────────────────────────────────────────────────────────
0    7            PRIME   
1    19           PRIME   
2    31           PRIME   
3    43           PRIME   
4    55           COMPOSITE 5 (pos 0) × 11 (pos 9)
5    67           PRIME   
6    79           PRIME   
7    91           COMPOSITE 7 (pos 6) × 13 (pos 3)
8    103          PRIME   
9    115          COMPOSITE 5 (pos 0) × 23 (pos 9)
10   127          PRIME   
11   139          PRIME   
12   151          PRIME   
13   163          PRIME   
14   175          COMPOSITE 5 (pos 0) × 35 (pos 9)
15   187          COMPOSITE 11 (pos 9) × 17 (pos 3)
16   199          PRIME   
17   211          PRIME   
18   223          PRIME   
19   235          COMPOSITE 5 (pos 0) × 47 (pos 9)
20   247          COMPOSITE 13 (pos 3) × 19 (pos 6)
21   259          COMPOSITE 7 (pos 6) × 37 (pos 3)
22   271          PRIME   
23   283          PRIME   
24   295          COMPOSITE 5 (pos 0) × 59 (pos 9)
25   307          PRIME   
26   319          COMPOSITE 11 (pos 9) × 29 (pos 3)
27   331          PRIME   
28   343          COMPOSITE 7 (pos 6) × 49 (pos 3)
29   355          COMPOSITE 5 (pos 0) × 71 (pos 9)

Position 9 (base = 11):
Analyzing composites in sequence...

Mag  Candidate    Status   Factorization                 
────────────────────────────────────────────────────────────────────
0    11           PRIME   
1    23           PRIME   
2    35           COMPOSITE 5 (pos 0) × 7 (pos 6)
3    47           PRIME   
4    59           PRIME   
5    71           PRIME   
6    83           PRIME   
7    95           COMPOSITE 5 (pos 0) × 19 (pos 6)
8    107          PRIME   
9    119          COMPOSITE 7 (pos 6) × 17 (pos 3)
10   131          PRIME   
11   143          COMPOSITE 11 (pos 9) × 13 (pos 3)
12   155          COMPOSITE 5 (pos 0) × 31 (pos 6)
13   167          PRIME   
14   179          PRIME   
15   191          PRIME   
16   203          COMPOSITE 7 (pos 6) × 29 (pos 3)
17   215          COMPOSITE 5 (pos 0) × 43 (pos 6)
18   227          PRIME   
19   239          PRIME   
20   251          PRIME   
21   263          PRIME   
22   275          COMPOSITE 5 (pos 0) × 55 (pos 6)
23   287          COMPOSITE 7 (pos 6) × 41 (pos 3)
24   299          COMPOSITE 13 (pos 3) × 23 (pos 9)
25   311          PRIME   
26   323          COMPOSITE 17 (pos 3) × 19 (pos 6)
27   335          COMPOSITE 5 (pos 0) × 67 (pos 6)
28   347          PRIME   
29   359          PRIME   

═══════════════════════════════════════════════════════════════
INVESTIGATION COMPLETE
═══════════════════════════════════════════════════════════════

Analyze results to derive complete deterministic formula.

