Makefile:421: warning: overriding recipe for target 'build/test_phase1_foundation'
Makefile:409: warning: ignoring old recipe for target 'build/test_phase1_foundation'
Building convergence analysis test...
gcc -Wall -Wextra -O2 -g -I./include -o build/test_convergence_analysis tests/test_convergence_analysis.c build/g_triangulation.o build/prime_float_math.o -lm -lssl -lcrypto -lpthread
Running Convergence Analysis Tests...

========================================
CONVERGENCE ANALYSIS TEST
========================================


========================================
BIT LENGTH: 8-bit (max k = 255)
========================================

Training k values:
  k[ 0] = 5
  k[ 1] = 7
  k[ 2] = 12
  k[ 3] = 17
  k[ 4] = 28
  k[ 5] = 33
  k[ 6] = 43
  k[ 7] = 48
  k[ 8] = 58
  k[ 9] = 73
  k[10] = 79
  k[11] = 94
  k[12] = 104
  k[13] = 109
  k[14] = 119
  k[15] = 135
  k[16] = 150
  k[17] = 155
  k[18] = 170
  k[19] = 181

Running 500 iterations...

Iteration  | Avg Error    | Min Error    | Max Error    | Std Dev      | Success % 
---------------------------------------------------------------------------------
1          | 57.55        | 0.00         | 111.00       | 30.76        | 10.00    %
2          | 49.55        | 1.00         | 95.00        | 26.00        | 5.00     %
3          | 47.00        | 1.00         | 93.00        | 25.57        | 10.00    %
4          | 45.85        | 3.00         | 92.00        | 25.41        | 5.00     %
5          | 45.15        | 4.00         | 92.00        | 25.53        | 5.00     %
6          | 44.80        | 5.00         | 92.00        | 25.78        | 5.00     %
7          | 44.60        | 6.00         | 92.00        | 25.96        | 5.00     %
8          | 44.40        | 6.00         | 92.00        | 26.10        | 5.00     %
9          | 44.30        | 6.00         | 92.00        | 26.13        | 5.00     %
10         | 44.25        | 6.00         | 92.00        | 26.19        | 5.00     %
20         | 44.10        | 6.00         | 92.00        | 26.28        | 5.00     %
30         | 44.10        | 6.00         | 92.00        | 26.28        | 5.00     %
40         | 44.10        | 6.00         | 92.00        | 26.28        | 5.00     %
50         | 44.10        | 6.00         | 92.00        | 26.28        | 5.00     %
60         | 44.10        | 6.00         | 92.00        | 26.28        | 5.00     %
70         | 44.10        | 6.00         | 92.00        | 26.28        | 5.00     %
80         | 44.10        | 6.00         | 92.00        | 26.28        | 5.00     %
90         | 44.10        | 6.00         | 92.00        | 26.28        | 5.00     %
100        | 44.10        | 6.00         | 92.00        | 26.28        | 5.00     %
110        | 44.10        | 6.00         | 92.00        | 26.28        | 5.00     %
120        | 44.10        | 6.00         | 92.00        | 26.28        | 5.00     %
130        | 44.10        | 6.00         | 92.00        | 26.28        | 5.00     %
140        | 44.10        | 6.00         | 92.00        | 26.28        | 5.00     %
150        | 44.10        | 6.00         | 92.00        | 26.28        | 5.00     %
160        | 44.10        | 6.00         | 92.00        | 26.28        | 5.00     %
170        | 44.10        | 6.00         | 92.00        | 26.28        | 5.00     %
180        | 44.10        | 6.00         | 92.00        | 26.28        | 5.00     %
190        | 44.10        | 6.00         | 92.00        | 26.28        | 5.00     %
200        | 44.10        | 6.00         | 92.00        | 26.28        | 5.00     %
210        | 44.10        | 6.00         | 92.00        | 26.28        | 5.00     %
220        | 44.10        | 6.00         | 92.00        | 26.28        | 5.00     %
230        | 44.10        | 6.00         | 92.00        | 26.28        | 5.00     %
240        | 44.10        | 6.00         | 92.00        | 26.28        | 5.00     %
250        | 44.10        | 6.00         | 92.00        | 26.28        | 5.00     %
260        | 44.10        | 6.00         | 92.00        | 26.28        | 5.00     %
270        | 44.10        | 6.00         | 92.00        | 26.28        | 5.00     %
280        | 44.10        | 6.00         | 92.00        | 26.28        | 5.00     %
290        | 44.10        | 6.00         | 92.00        | 26.28        | 5.00     %
300        | 44.10        | 6.00         | 92.00        | 26.28        | 5.00     %
310        | 44.10        | 6.00         | 92.00        | 26.28        | 5.00     %
320        | 44.10        | 6.00         | 92.00        | 26.28        | 5.00     %
330        | 44.10        | 6.00         | 92.00        | 26.28        | 5.00     %
340        | 44.10        | 6.00         | 92.00        | 26.28        | 5.00     %
350        | 44.10        | 6.00         | 92.00        | 26.28        | 5.00     %
360        | 44.10        | 6.00         | 92.00        | 26.28        | 5.00     %
370        | 44.10        | 6.00         | 92.00        | 26.28        | 5.00     %
380        | 44.10        | 6.00         | 92.00        | 26.28        | 5.00     %
390        | 44.10        | 6.00         | 92.00        | 26.28        | 5.00     %
400        | 44.10        | 6.00         | 92.00        | 26.28        | 5.00     %
410        | 44.10        | 6.00         | 92.00        | 26.28        | 5.00     %
420        | 44.10        | 6.00         | 92.00        | 26.28        | 5.00     %
430        | 44.10        | 6.00         | 92.00        | 26.28        | 5.00     %
440        | 44.10        | 6.00         | 92.00        | 26.28        | 5.00     %
450        | 44.10        | 6.00         | 92.00        | 26.28        | 5.00     %
460        | 44.10        | 6.00         | 92.00        | 26.28        | 5.00     %
470        | 44.10        | 6.00         | 92.00        | 26.28        | 5.00     %
480        | 44.10        | 6.00         | 92.00        | 26.28        | 5.00     %
490        | 44.10        | 6.00         | 92.00        | 26.28        | 5.00     %
500        | 44.10        | 6.00         | 92.00        | 26.28        | 5.00     %

CONVERGENCE ANALYSIS:
---------------------
  Best iteration: 12
  Best avg error: 44.10
  Best success rate: 5.00%

  ✓ PLATEAUED at iteration ~450
  Plateau error: 44.10

  Oscillation count: 0
  ✗ NOT OSCILLATING - smooth convergence

  Initial error: 57.55
  Final error: 44.10
  Improvement: 23.37%


========================================
BIT LENGTH: 16-bit (max k = 65535)
========================================

Training k values:
  k[ 0] = 1310
  k[ 1] = 1966
  k[ 2] = 3276
  k[ 3] = 4587
  k[ 4] = 7208
  k[ 5] = 8519
  k[ 6] = 11140
  k[ 7] = 12451
  k[ 8] = 15073
  k[ 9] = 19005
  k[10] = 20315
  k[11] = 24247
  k[12] = 26869
  k[13] = 28180
  k[14] = 30801
  k[15] = 34733
  k[16] = 38665
  k[17] = 39976
  k[18] = 43908
  k[19] = 46529

Running 500 iterations...

Iteration  | Avg Error    | Min Error    | Max Error    | Std Dev      | Success % 
---------------------------------------------------------------------------------
1          | 12318.60     | 1708.00      | 28516.00     | 35655.40     | 10.00    %
2          | 12235.55     | 835.00       | 26836.00     | 29691.79     | 10.00    %
3          | 12207.65     | 763.00       | 26554.00     | 28790.17     | 10.00    %
4          | 12181.25     | 758.00       | 26506.00     | 28655.96     | 10.00    %
5          | 12166.70     | 757.00       | 26498.00     | 28637.84     | 10.00    %
6          | 12159.40     | 757.00       | 26497.00     | 28637.85     | 10.00    %
7          | 12155.70     | 757.00       | 26497.00     | 28638.18     | 10.00    %
8          | 12153.95     | 757.00       | 26497.00     | 28639.33     | 10.00    %
9          | 12153.05     | 757.00       | 26497.00     | 28639.95     | 10.00    %
10         | 12152.60     | 757.00       | 26497.00     | 28640.33     | 10.00    %
20         | 12152.20     | 757.00       | 26497.00     | 28640.20     | 10.00    %
30         | 12152.20     | 757.00       | 26497.00     | 28640.20     | 10.00    %
40         | 12152.20     | 757.00       | 26497.00     | 28640.20     | 10.00    %
50         | 12152.20     | 757.00       | 26497.00     | 28640.20     | 10.00    %
60         | 12152.20     | 757.00       | 26497.00     | 28640.20     | 10.00    %
70         | 12152.20     | 757.00       | 26497.00     | 28640.20     | 10.00    %
80         | 12152.20     | 757.00       | 26497.00     | 28640.20     | 10.00    %
90         | 12152.20     | 757.00       | 26497.00     | 28640.20     | 10.00    %
100        | 12152.20     | 757.00       | 26497.00     | 28640.20     | 10.00    %
110        | 12152.20     | 757.00       | 26497.00     | 28640.20     | 10.00    %
120        | 12152.20     | 757.00       | 26497.00     | 28640.20     | 10.00    %
130        | 12152.20     | 757.00       | 26497.00     | 28640.20     | 10.00    %
140        | 12152.20     | 757.00       | 26497.00     | 28640.20     | 10.00    %
150        | 12152.20     | 757.00       | 26497.00     | 28640.20     | 10.00    %
160        | 12152.20     | 757.00       | 26497.00     | 28640.20     | 10.00    %
170        | 12152.20     | 757.00       | 26497.00     | 28640.20     | 10.00    %
180        | 12152.20     | 757.00       | 26497.00     | 28640.20     | 10.00    %
190        | 12152.20     | 757.00       | 26497.00     | 28640.20     | 10.00    %
200        | 12152.20     | 757.00       | 26497.00     | 28640.20     | 10.00    %
210        | 12152.20     | 757.00       | 26497.00     | 28640.20     | 10.00    %
220        | 12152.20     | 757.00       | 26497.00     | 28640.20     | 10.00    %
230        | 12152.20     | 757.00       | 26497.00     | 28640.20     | 10.00    %
240        | 12152.20     | 757.00       | 26497.00     | 28640.20     | 10.00    %
250        | 12152.20     | 757.00       | 26497.00     | 28640.20     | 10.00    %
260        | 12152.20     | 757.00       | 26497.00     | 28640.20     | 10.00    %
270        | 12152.20     | 757.00       | 26497.00     | 28640.20     | 10.00    %
280        | 12152.20     | 757.00       | 26497.00     | 28640.20     | 10.00    %
290        | 12152.20     | 757.00       | 26497.00     | 28640.20     | 10.00    %
300        | 12152.20     | 757.00       | 26497.00     | 28640.20     | 10.00    %
310        | 12152.20     | 757.00       | 26497.00     | 28640.20     | 10.00    %
320        | 12152.20     | 757.00       | 26497.00     | 28640.20     | 10.00    %
330        | 12152.20     | 757.00       | 26497.00     | 28640.20     | 10.00    %
340        | 12152.20     | 757.00       | 26497.00     | 28640.20     | 10.00    %
350        | 12152.20     | 757.00       | 26497.00     | 28640.20     | 10.00    %
360        | 12152.20     | 757.00       | 26497.00     | 28640.20     | 10.00    %
370        | 12152.20     | 757.00       | 26497.00     | 28640.20     | 10.00    %
380        | 12152.20     | 757.00       | 26497.00     | 28640.20     | 10.00    %
390        | 12152.20     | 757.00       | 26497.00     | 28640.20     | 10.00    %
400        | 12152.20     | 757.00       | 26497.00     | 28640.20     | 10.00    %
410        | 12152.20     | 757.00       | 26497.00     | 28640.20     | 10.00    %
420        | 12152.20     | 757.00       | 26497.00     | 28640.20     | 10.00    %
430        | 12152.20     | 757.00       | 26497.00     | 28640.20     | 10.00    %
440        | 12152.20     | 757.00       | 26497.00     | 28640.20     | 10.00    %
450        | 12152.20     | 757.00       | 26497.00     | 28640.20     | 10.00    %
460        | 12152.20     | 757.00       | 26497.00     | 28640.20     | 10.00    %
470        | 12152.20     | 757.00       | 26497.00     | 28640.20     | 10.00    %
480        | 12152.20     | 757.00       | 26497.00     | 28640.20     | 10.00    %
490        | 12152.20     | 757.00       | 26497.00     | 28640.20     | 10.00    %
500        | 12152.20     | 757.00       | 26497.00     | 28640.20     | 10.00    %

CONVERGENCE ANALYSIS:
---------------------
  Best iteration: 15
  Best avg error: 12152.20
  Best success rate: 10.00%

  ✓ PLATEAUED at iteration ~450
  Plateau error: 12152.20

  Oscillation count: 0
  ✗ NOT OSCILLATING - smooth convergence

  Initial error: 12318.60
  Final error: 12152.20
  Improvement: 1.35%


========================================
BIT LENGTH: 32-bit (max k = 4294967295)
========================================

Training k values:
  k[ 0] = 85899345
  k[ 1] = 128849018
  k[ 2] = 214748364
  k[ 3] = 300647710
  k[ 4] = 472446402
  k[ 5] = 558345748
  k[ 6] = 730144440
  k[ 7] = 816043786
  k[ 8] = 987842477
  k[ 9] = 1245540515
  k[10] = 1331439861
  k[11] = 1589137899
  k[12] = 1760936590
  k[13] = 1846835936
  k[14] = 2018634628
  k[15] = 2276332666
  k[16] = 2534030704
  k[17] = 2619930049
  k[18] = 2877628087
  k[19] = 3049426779

Running 500 iterations...

Iteration  | Avg Error    | Min Error    | Max Error    | Std Dev      | Success % 
---------------------------------------------------------------------------------
1          | 741944295.40 | 15223998.00  | 1875150613.00 | 122251514782883.00 | 5.00     %
2          | 665877327.40 | 84767640.00  | 1629682858.00 | 103946810645138.09 | 5.00     %
3          | 646051686.85 | 11426355.00  | 1538315445.00 | 105893982596906.28 | 5.00     %
4          | 642584944.35 | 27511370.00  | 1496946855.00 | 105708157301720.84 | 10.00    %
5          | 642092988.70 | 45267744.00  | 1477076423.00 | 105397764418067.28 | 15.00    %
6          | 642004892.25 | 52039016.00  | 1467386991.00 | 105268444863658.44 | 15.00    %
7          | 641998174.65 | 50440308.00  | 1462644709.00 | 105209776423819.75 | 15.00    %
8          | 642003602.10 | 49677024.00  | 1460321642.00 | 105182083459081.56 | 15.00    %
9          | 642008351.15 | 49307836.00  | 1459183416.00 | 105168759404026.44 | 15.00    %
10         | 642011179.50 | 49128092.00  | 1458625694.00 | 105162288738506.06 | 15.00    %
20         | 642014204.65 | 48956250.00  | 1458090273.00 | 105156112434718.25 | 15.00    %
30         | 642014207.30 | 48956114.00  | 1458089846.00 | 105156107461631.16 | 15.00    %
40         | 642014207.30 | 48956114.00  | 1458089846.00 | 105156107500526.44 | 15.00    %
50         | 642014207.30 | 48956114.00  | 1458089846.00 | 105156107500526.44 | 15.00    %
60         | 642014207.30 | 48956114.00  | 1458089846.00 | 105156107500526.44 | 15.00    %
70         | 642014207.30 | 48956114.00  | 1458089846.00 | 105156107500526.44 | 15.00    %
80         | 642014207.30 | 48956114.00  | 1458089846.00 | 105156107500526.44 | 15.00    %
90         | 642014207.30 | 48956114.00  | 1458089846.00 | 105156107500526.44 | 15.00    %
100        | 642014207.30 | 48956114.00  | 1458089846.00 | 105156107500526.44 | 15.00    %
110        | 642014207.30 | 48956114.00  | 1458089846.00 | 105156107500526.44 | 15.00    %
120        | 642014207.30 | 48956114.00  | 1458089846.00 | 105156107500526.44 | 15.00    %
130        | 642014207.30 | 48956114.00  | 1458089846.00 | 105156107500526.44 | 15.00    %
140        | 642014207.30 | 48956114.00  | 1458089846.00 | 105156107500526.44 | 15.00    %
150        | 642014207.30 | 48956114.00  | 1458089846.00 | 105156107500526.44 | 15.00    %
160        | 642014207.30 | 48956114.00  | 1458089846.00 | 105156107500526.44 | 15.00    %
170        | 642014207.30 | 48956114.00  | 1458089846.00 | 105156107500526.44 | 15.00    %
180        | 642014207.30 | 48956114.00  | 1458089846.00 | 105156107500526.44 | 15.00    %
190        | 642014207.30 | 48956114.00  | 1458089846.00 | 105156107500526.44 | 15.00    %
200        | 642014207.30 | 48956114.00  | 1458089846.00 | 105156107500526.44 | 15.00    %
210        | 642014207.30 | 48956114.00  | 1458089846.00 | 105156107500526.44 | 15.00    %
220        | 642014207.30 | 48956114.00  | 1458089846.00 | 105156107500526.44 | 15.00    %
230        | 642014207.30 | 48956114.00  | 1458089846.00 | 105156107500526.44 | 15.00    %
240        | 642014207.30 | 48956114.00  | 1458089846.00 | 105156107500526.44 | 15.00    %
250        | 642014207.30 | 48956114.00  | 1458089846.00 | 105156107500526.44 | 15.00    %
260        | 642014207.30 | 48956114.00  | 1458089846.00 | 105156107500526.44 | 15.00    %
270        | 642014207.30 | 48956114.00  | 1458089846.00 | 105156107500526.44 | 15.00    %
280        | 642014207.30 | 48956114.00  | 1458089846.00 | 105156107500526.44 | 15.00    %
290        | 642014207.30 | 48956114.00  | 1458089846.00 | 105156107500526.44 | 15.00    %
300        | 642014207.30 | 48956114.00  | 1458089846.00 | 105156107500526.44 | 15.00    %
310        | 642014207.30 | 48956114.00  | 1458089846.00 | 105156107500526.44 | 15.00    %
320        | 642014207.30 | 48956114.00  | 1458089846.00 | 105156107500526.44 | 15.00    %
330        | 642014207.30 | 48956114.00  | 1458089846.00 | 105156107500526.44 | 15.00    %
340        | 642014207.30 | 48956114.00  | 1458089846.00 | 105156107500526.44 | 15.00    %
350        | 642014207.30 | 48956114.00  | 1458089846.00 | 105156107500526.44 | 15.00    %
360        | 642014207.30 | 48956114.00  | 1458089846.00 | 105156107500526.44 | 15.00    %
370        | 642014207.30 | 48956114.00  | 1458089846.00 | 105156107500526.44 | 15.00    %
380        | 642014207.30 | 48956114.00  | 1458089846.00 | 105156107500526.44 | 15.00    %
390        | 642014207.30 | 48956114.00  | 1458089846.00 | 105156107500526.44 | 15.00    %
400        | 642014207.30 | 48956114.00  | 1458089846.00 | 105156107500526.44 | 15.00    %
410        | 642014207.30 | 48956114.00  | 1458089846.00 | 105156107500526.44 | 15.00    %
420        | 642014207.30 | 48956114.00  | 1458089846.00 | 105156107500526.44 | 15.00    %
430        | 642014207.30 | 48956114.00  | 1458089846.00 | 105156107500526.44 | 15.00    %
440        | 642014207.30 | 48956114.00  | 1458089846.00 | 105156107500526.44 | 15.00    %
450        | 642014207.30 | 48956114.00  | 1458089846.00 | 105156107500526.44 | 15.00    %
460        | 642014207.30 | 48956114.00  | 1458089846.00 | 105156107500526.44 | 15.00    %
470        | 642014207.30 | 48956114.00  | 1458089846.00 | 105156107500526.44 | 15.00    %
480        | 642014207.30 | 48956114.00  | 1458089846.00 | 105156107500526.44 | 15.00    %
490        | 642014207.30 | 48956114.00  | 1458089846.00 | 105156107500526.44 | 15.00    %
500        | 642014207.30 | 48956114.00  | 1458089846.00 | 105156107500526.44 | 15.00    %

CONVERGENCE ANALYSIS:
---------------------
  Best iteration: 7
  Best avg error: 641998174.65
  Best success rate: 15.00%

  ✓ PLATEAUED at iteration ~450
  Plateau error: 642014207.30

  Oscillation count: 4
  ✗ NOT OSCILLATING - smooth convergence

  Initial error: 741944295.40
  Final error: 642014207.30
  Improvement: 13.47%


========================================
BIT LENGTH: 64-bit (max k = 0)
========================================

Training k values:
  k[ 0] = 0
  k[ 1] = 0
  k[ 2] = 0
  k[ 3] = 0
  k[ 4] = 0
  k[ 5] = 0
  k[ 6] = 0
  k[ 7] = 0
  k[ 8] = 0
  k[ 9] = 0
  k[10] = 0
  k[11] = 0
  k[12] = 0
  k[13] = 0
  k[14] = 0
  k[15] = 0
  k[16] = 0
  k[17] = 0
  k[18] = 0
  k[19] = 0

Running 500 iterations...

Iteration  | Avg Error    | Min Error    | Max Error    | Std Dev      | Success % 
---------------------------------------------------------------------------------
1          | 0.00         | 0.00         | 0.00         | 0.00         | 0.00     %
2          | 0.00         | 0.00         | 0.00         | 0.00         | 0.00     %
3          | 0.00         | 0.00         | 0.00         | 0.00         | 0.00     %
4          | 0.00         | 0.00         | 0.00         | 0.00         | 0.00     %
5          | 0.00         | 0.00         | 0.00         | 0.00         | 0.00     %
6          | 0.00         | 0.00         | 0.00         | 0.00         | 0.00     %
7          | 0.00         | 0.00         | 0.00         | 0.00         | 0.00     %
8          | 0.00         | 0.00         | 0.00         | 0.00         | 0.00     %
9          | 0.00         | 0.00         | 0.00         | 0.00         | 0.00     %
10         | 0.00         | 0.00         | 0.00         | 0.00         | 0.00     %
20         | 0.00         | 0.00         | 0.00         | 0.00         | 0.00     %
30         | 0.00         | 0.00         | 0.00         | 0.00         | 0.00     %
40         | 0.00         | 0.00         | 0.00         | 0.00         | 0.00     %
50         | 0.00         | 0.00         | 0.00         | 0.00         | 0.00     %
60         | 0.00         | 0.00         | 0.00         | 0.00         | 0.00     %
70         | 0.00         | 0.00         | 0.00         | 0.00         | 0.00     %
80         | 0.00         | 0.00         | 0.00         | 0.00         | 0.00     %
90         | 0.00         | 0.00         | 0.00         | 0.00         | 0.00     %
100        | 0.00         | 0.00         | 0.00         | 0.00         | 0.00     %
110        | 0.00         | 0.00         | 0.00         | 0.00         | 0.00     %
120        | 0.00         | 0.00         | 0.00         | 0.00         | 0.00     %
130        | 0.00         | 0.00         | 0.00         | 0.00         | 0.00     %
140        | 0.00         | 0.00         | 0.00         | 0.00         | 0.00     %
150        | 0.00         | 0.00         | 0.00         | 0.00         | 0.00     %
160        | 0.00         | 0.00         | 0.00         | 0.00         | 0.00     %
170        | 0.00         | 0.00         | 0.00         | 0.00         | 0.00     %
180        | 0.00         | 0.00         | 0.00         | 0.00         | 0.00     %
190        | 0.00         | 0.00         | 0.00         | 0.00         | 0.00     %
200        | 0.00         | 0.00         | 0.00         | 0.00         | 0.00     %
210        | 0.00         | 0.00         | 0.00         | 0.00         | 0.00     %
220        | 0.00         | 0.00         | 0.00         | 0.00         | 0.00     %
230        | 0.00         | 0.00         | 0.00         | 0.00         | 0.00     %
240        | 0.00         | 0.00         | 0.00         | 0.00         | 0.00     %
250        | 0.00         | 0.00         | 0.00         | 0.00         | 0.00     %
260        | 0.00         | 0.00         | 0.00         | 0.00         | 0.00     %
270        | 0.00         | 0.00         | 0.00         | 0.00         | 0.00     %
280        | 0.00         | 0.00         | 0.00         | 0.00         | 0.00     %
290        | 0.00         | 0.00         | 0.00         | 0.00         | 0.00     %
300        | 0.00         | 0.00         | 0.00         | 0.00         | 0.00     %
310        | 0.00         | 0.00         | 0.00         | 0.00         | 0.00     %
320        | 0.00         | 0.00         | 0.00         | 0.00         | 0.00     %
330        | 0.00         | 0.00         | 0.00         | 0.00         | 0.00     %
340        | 0.00         | 0.00         | 0.00         | 0.00         | 0.00     %
350        | 0.00         | 0.00         | 0.00         | 0.00         | 0.00     %
360        | 0.00         | 0.00         | 0.00         | 0.00         | 0.00     %
370        | 0.00         | 0.00         | 0.00         | 0.00         | 0.00     %
380        | 0.00         | 0.00         | 0.00         | 0.00         | 0.00     %
390        | 0.00         | 0.00         | 0.00         | 0.00         | 0.00     %
400        | 0.00         | 0.00         | 0.00         | 0.00         | 0.00     %
410        | 0.00         | 0.00         | 0.00         | 0.00         | 0.00     %
420        | 0.00         | 0.00         | 0.00         | 0.00         | 0.00     %
430        | 0.00         | 0.00         | 0.00         | 0.00         | 0.00     %
440        | 0.00         | 0.00         | 0.00         | 0.00         | 0.00     %
450        | 0.00         | 0.00         | 0.00         | 0.00         | 0.00     %
460        | 0.00         | 0.00         | 0.00         | 0.00         | 0.00     %
470        | 0.00         | 0.00         | 0.00         | 0.00         | 0.00     %
480        | 0.00         | 0.00         | 0.00         | 0.00         | 0.00     %
490        | 0.00         | 0.00         | 0.00         | 0.00         | 0.00     %
500        | 0.00         | 0.00         | 0.00         | 0.00         | 0.00     %

CONVERGENCE ANALYSIS:
---------------------
  Best iteration: 1
  Best avg error: 0.00
  Best success rate: 0.00%

  ✓ PLATEAUED at iteration ~450
  Plateau error: 0.00

  Oscillation count: 0
  ✗ NOT OSCILLATING - smooth convergence

  Initial error: 0.00
  Final error: 0.00
  Improvement: -nan%


========================================
ANALYSIS COMPLETE
========================================

